7 7
  -32.6849383983115018    -7.6042882981283206    -0.0165049888737314    -0.0057180702819767    -0.0066013273733363    -1.6190863978474117    -1.6190801974713471
   -7.6042882981283206    -9.3019300463050971    -0.1963038975889783    -0.0680085632934925    -0.0785135928146506    -3.5423845715711804    -3.5423751217410113
   -0.0165049888737314    -0.1963038975889783    -7.5098086287469812    -0.0038084927680014    -0.0384391238713152    -1.8000966319409237    -1.1315011315757795
   -0.0057180702819767    -0.0680085632934925    -0.0038084927680014    -7.5545892023988461     0.0338520073262876     1.2288233765192262    -2.2444632755229121
   -0.0066013273733363    -0.0785135928146506    -0.0384391238713152     0.0338520073262876    -7.4597174637393806    -1.2547263673362294     0.0822066979075309
   -1.6190863978474117    -3.5423845715711804    -1.8000966319409237     1.2288233765192262    -1.2547263673362294    -4.9559425318596970    -1.5595175364522611
   -1.6190801974713471    -3.5423751217410113    -1.1315011315757795    -2.2444632755229121     0.0822066979075309    -1.5595175364522611    -4.9559366582184081
