7 7 7 7
    4.7850657518157167     0.7413803208589640     0.0000000000000000     0.0000000000000000     0.0000000000000000     0.1589781957751611     0.1589775786127235     0.7413803208589640     1.1189468404728955    -0.0000000000000000    -0.0000000000000000     0.0000000000000000     0.3817003741996338     0.3816993001002738     0.0000000000000000    -0.0000000000000000     1.1158138186289568     0.0000000000000000     0.0000000000000000     0.1918418261072061     0.1179502014240335     0.0000000000000000    -0.0000000000000000     0.0000000000000000     1.1158138186289568     0.0000000000000000    -0.1382666799096492     0.2455927920913975     0.0000000000000000     0.0000000000000000     0.0000000000000000     0.0000000000000000     1.1158138186289568     0.1358294570769857    -0.0119252521981035     0.1589781957751611     0.3817003741996338     0.1918418261072061    -0.1382666799096492     0.1358294570769857     0.5170653976528593     0.1549090971796644     0.1589775786127235    0.3816993001002738    0.1179502014240335    0.2455927920913975   -0.0119252521981035    0.1549090971796644    0.5170646684993802
    0.7413803208589640     0.1368733673561338     0.0000000000000000     0.0000000000000000     0.0000000000000000     0.0290979969151906     0.0290978843765433     0.1368733673561338     0.2566333713546148    -0.0000000000000000    -0.0000000000000000     0.0000000000000000     0.0886186841165633     0.0886184365690185     0.0000000000000000    -0.0000000000000000     0.2566839693361471     0.0000000000000000     0.0000000000000000     0.0451213127060354     0.0277419584921381     0.0000000000000000    -0.0000000000000000     0.0000000000000000     0.2566839693361471     0.0000000000000000    -0.0325204061472090     0.0577635727782623     0.0000000000000000     0.0000000000000000     0.0000000000000000     0.0000000000000000     0.2566839693361471     0.0319471698733557    -0.0028048265072369     0.0290979969151906     0.0886186841165633     0.0451213127060354    -0.0325204061472090     0.0319471698733557     0.1219996037778910     0.0363070243412765     0.0290978843765433    0.0886184365690185    0.0277419584921381    0.0577635727782623   -0.0028048265072369    0.0363070243412765    0.1219994342077250
    0.0000000000000000     0.0000000000000000     0.0244774107811672     0.0000000000000000     0.0000000000000000     0.0009441400017802     0.0005804851149862     0.0000000000000000     0.0000000000000000     0.0378086058533166     0.0000000000000000     0.0000000000000000     0.0046740921760673     0.0028737728393143     0.0244774107811672     0.0378086058533166     0.0000000000000000    -0.0000000000000000     0.0000000000000000     0.0114220897563872     0.0101229948932509     0.0000000000000000     0.0000000000000000    -0.0000000000000000     0.0000000000000000     0.0000000000000000    -0.0015053117089585     0.0016439206487888     0.0000000000000000     0.0000000000000000     0.0000000000000000     0.0000000000000000     0.0000000000000000     0.0014787776222954    -0.0000798238749742     0.0009441400017802     0.0046740921760673     0.0114220897563872    -0.0015053117089585     0.0014787776222954     0.0084351070286822     0.0024161379266733     0.0005804851149862    0.0028737728393143    0.0101229948932509    0.0016439206487888   -0.0000798238749742    0.0024161379266733    0.0051861606131789
    0.0000000000000000     0.0000000000000000     0.0000000000000000     0.0244774107811672     0.0000000000000000    -0.0006804725854886     0.0012086707647445     0.0000000000000000     0.0000000000000000     0.0000000000000000     0.0378086058533166     0.0000000000000000    -0.0033687711376107     0.0059836938548866     0.0000000000000000     0.0000000000000000    -0.0000000000000000     0.0000000000000000     0.0000000000000000    -0.0015053117089585     0.0016439206487888     0.0244774107811672     0.0378086058533166     0.0000000000000000    -0.0000000000000000     0.0000000000000000     0.0104184319072687     0.0127564015939649     0.0000000000000000     0.0000000000000000     0.0000000000000000     0.0000000000000000    -0.0000000000000000    -0.0010658034085081    -0.0001662071628008    -0.0006804725854886    -0.0033687711376107    -0.0015053117089585     0.0104184319072687    -0.0010658034085081    -0.0060794575781752     0.0008370651347857     0.0012086707647445    0.0059836938548866    0.0016439206487888    0.0127564015939649   -0.0001662071628008    0.0008370651347857    0.0107984865633770
    0.0000000000000000     0.0000000000000000     0.0000000000000000     0.0000000000000000     0.0244774107811672     0.0006684779145857    -0.0000586894410512     0.0000000000000000     0.0000000000000000     0.0000000000000000     0.0000000000000000     0.0378086058533166     0.0033093899046198    -0.0002905502954224     0.0000000000000000     0.0000000000000000     0.0000000000000000     0.0000000000000000     0.0000000000000000     0.0014787776222954    -0.0000798238749742     0.0000000000000000     0.0000000000000000     0.0000000000000000     0.0000000000000000    -0.0000000000000000    -0.0010658034085081    -0.0001662071628008     0.0244774107811672     0.0378086058533166     0.0000000000000000    -0.0000000000000000     0.0000000000000000     0.0103805210366290     0.0093415439895745     0.0006684779145857     0.0033093899046198     0.0014787776222954    -0.0010658034085081     0.0103805210366290     0.0059722951524236     0.0009663555339284    -0.0000586894410512   -0.0002905502954224   -0.0000798238749742   -0.0001662071628008    0.0093415439895745    0.0009663555339284   -0.0005243422436363
    0.1589781957751611     0.0290979969151906     0.0009441400017802    -0.0006804725854886     0.0006684779145857     0.0062665360763040     0.0061745990476390     0.0290979969151906     0.0541910827418329     0.0017651424451208    -0.0012721959043387     0.0012497709433308     0.0191982461423551     0.0186267995084848     0.0009441400017802     0.0017651424451208     0.0542450286906862    -0.0001138068626155     0.0001118007922863     0.0102128788861415     0.0062649716819358    -0.0006804725854886    -0.0012721959043387    -0.0001138068626155     0.0541691486252700    -0.0000805784884056    -0.0073607559131398     0.0118186599797227     0.0006684779145857     0.0012497709433308     0.0001118007922863    -0.0000805784884056     0.0541662824300356     0.0072310080780946    -0.0002794689709439     0.0062665360763040     0.0191982461423551     0.0102128788861415    -0.0073607559131398     0.0072310080780946     0.0266751118377841     0.0077947051964561     0.0061745990476390    0.0186267995084848    0.0062649716819358    0.0118186599797227   -0.0002794689709439    0.0077947051964561    0.0255994924267121
    0.1589775786127235     0.0290978843765433     0.0005804851149862     0.0012086707647445    -0.0000586894410512     0.0061745990476390     0.0062664876159468     0.0290978843765433     0.0541908745606216     0.0010852617210354     0.0022597032730856    -0.0001097244393655     0.0186267800205473     0.0191981189790031     0.0005804851149862     0.0010852617210354     0.0541466069886119     0.0001242860533821    -0.0000060349594085     0.0097471911092337     0.0062791649257316     0.0012086707647445     0.0022597032730856     0.0001242860533821     0.0543457015896942    -0.0000125658329820    -0.0062712754452813     0.0130743112558906    -0.0000586894410512    -0.0001097244393655    -0.0000060349594085    -0.0000125658329820     0.0540875266134117     0.0066836710340204    -0.0006348494909613     0.0061745990476390     0.0186267800205473     0.0097471911092337    -0.0062712754452813     0.0066836710340204     0.0255994296131590     0.0077946754424951     0.0062664876159468    0.0191981189790031    0.0062791649257316    0.0130743112558906   -0.0006348494909613    0.0077946754424951    0.0266749718932802
    0.7413803208589640     0.1368733673561338     0.0000000000000000     0.0000000000000000     0.0000000000000000     0.0290979969151906     0.0290978843765433     0.1368733673561338     0.2566333713546148    -0.0000000000000000    -0.0000000000000000     0.0000000000000000     0.0886186841165633     0.0886184365690185     0.0000000000000000    -0.0000000000000000     0.2566839693361471     0.0000000000000000     0.0000000000000000     0.0451213127060354     0.0277419584921381     0.0000000000000000    -0.0000000000000000     0.0000000000000000     0.2566839693361471     0.0000000000000000    -0.0325204061472090     0.0577635727782623     0.0000000000000000     0.0000000000000000     0.0000000000000000     0.0000000000000000     0.2566839693361471     0.0319471698733557    -0.0028048265072369     0.0290979969151906     0.0886186841165633     0.0451213127060354    -0.0325204061472090     0.0319471698733557     0.1219996037778910     0.0363070243412765     0.0290978843765433    0.0886184365690185    0.0277419584921381    0.0577635727782623   -0.0028048265072369    0.0363070243412765    0.1219994342077250
    1.1189468404728955     0.2566333713546148     0.0000000000000000     0.0000000000000000     0.0000000000000000     0.0541910827418329     0.0541908745606216     0.2566333713546148     0.8172062958357494     0.0000000000000000     0.0000000000000000     0.0000000000000000     0.3118439910350611     0.3118431685312394     0.0000000000000000     0.0000000000000000     0.8170225910993408     0.0000000000000000     0.0000000000000000     0.1695603732167930     0.1042509016390392     0.0000000000000000     0.0000000000000000     0.0000000000000000     0.8170225910993408     0.0000000000000000    -0.1222077079052905     0.2170684721387884     0.0000000000000000     0.0000000000000000     0.0000000000000000     0.0000000000000000     0.8170225910993408     0.1200535561152216    -0.0105401964465989     0.0541910827418329     0.3118439910350611     0.1695603732167930    -0.1222077079052905     0.1200535561152216     0.4918265084411055     0.1388343964102938     0.0541908745606216    0.3118431685312394    0.1042509016390392    0.2170684721387884   -0.0105401964465989    0.1388343964102938    0.4918259427779375
   -0.0000000000000000    -0.0000000000000000     0.0378086058533166     0.0000000000000000     0.0000000000000000     0.0017651424451208     0.0010852617210354    -0.0000000000000000     0.0000000000000000     0.1805183876315438     0.0000000000000000     0.0000000000000000     0.0355117603011051     0.0218337109560013     0.0378086058533166     0.1805183876315438     0.0000000000000000     0.0000000000000000     0.0000000000000000     0.0724290503850180     0.0610359052490957     0.0000000000000000     0.0000000000000000     0.0000000000000000     0.0000000000000000     0.0000000000000000    -0.0132018112419911     0.0144174384230220     0.0000000000000000     0.0000000000000000     0.0000000000000000     0.0000000000000000     0.0000000000000000     0.0129691032908598    -0.0007000677331816     0.0017651424451208     0.0355117603011051     0.0724290503850180    -0.0132018112419911     0.0129691032908598     0.0879610288293885     0.0218637806098230     0.0010852617210354    0.0218337109560013    0.0610359052490957    0.0144174384230220   -0.0007000677331816    0.0218637806098230    0.0540811614326769
   -0.0000000000000000    -0.0000000000000000     0.0000000000000000     0.0378086058533166     0.0000000000000000    -0.0012721959043387     0.0022597032730856    -0.0000000000000000     0.0000000000000000     0.0000000000000000     0.1805183876315438     0.0000000000000000    -0.0255944873660513     0.0454615759079857     0.0000000000000000     0.0000000000000000     0.0000000000000000     0.0000000000000000     0.0000000000000000    -0.0132018112419911     0.0144174384230220     0.0378086058533166     0.1805183876315438     0.0000000000000000     0.0000000000000000     0.0000000000000000     0.0636268193276561     0.0841312894322016     0.0000000000000000     0.0000000000000000     0.0000000000000000     0.0000000000000000     0.0000000000000000    -0.0093472570076059    -0.0014576625318940    -0.0012721959043387    -0.0255944873660513    -0.0132018112419911     0.0636268193276561    -0.0093472570076059    -0.0633963909980715     0.0075746568361703     0.0022597032730856    0.0454615759079857    0.0144174384230220    0.0841312894322016   -0.0014576625318940    0.0075746568361703    0.1126063650205043
    0.0000000000000000     0.0000000000000000     0.0000000000000000     0.0000000000000000     0.0378086058533166     0.0012497709433308    -0.0001097244393655     0.0000000000000000     0.0000000000000000     0.0000000000000000     0.0000000000000000     0.1805183876315438     0.0251433340654902    -0.0022074782953084     0.0000000000000000     0.0000000000000000     0.0000000000000000     0.0000000000000000     0.0000000000000000     0.0129691032908598    -0.0007000677331816     0.0000000000000000     0.0000000000000000     0.0000000000000000     0.0000000000000000     0.0000000000000000    -0.0093472570076059    -0.0014576625318940     0.0378086058533166     0.1805183876315438     0.0000000000000000     0.0000000000000000     0.0000000000000000     0.0632943352612487     0.0541824599245477     0.0012497709433308     0.0251433340654902     0.0129691032908598    -0.0093472570076059     0.0632943352612487     0.0622789046177670     0.0087446097646533    -0.0001097244393655   -0.0022074782953084   -0.0007000677331816   -0.0014576625318940    0.0541824599245477    0.0087446097646533   -0.0054678286383969
    0.3817003741996338     0.0886186841165633     0.0046740921760673    -0.0033687711376107     0.0033093899046198     0.0191982461423551     0.0186267800205473     0.0886186841165633     0.3118439910350611     0.0355117603011051    -0.0255944873660513     0.0251433340654902     0.1465842003937041     0.1203708481627231     0.0046740921760673     0.0355117603011051     0.3142447114975889    -0.0055178574242677     0.0054205943084498     0.0968107576703990     0.0519798166315017    -0.0033687711376107    -0.0255944873660513    -0.0055178574242677     0.3105657120709420    -0.0039067996451810    -0.0697746800801584     0.0762619823038440     0.0033093899046198     0.0251433340654902     0.0054205943084498    -0.0039067996451810     0.3104267463153613     0.0685447637796854     0.0039733226079082     0.0191982461423551     0.1465842003937041     0.0968107576703990    -0.0697746800801584     0.0685447637796854     0.2892648812558031     0.0652648960882752     0.0186267800205473    0.1203708481627231    0.0519798166315017    0.0762619823038440    0.0039733226079082    0.0652648960882752    0.1967575958090880
    0.3816993001002738     0.0886184365690185     0.0028737728393143     0.0059836938548866    -0.0002905502954224     0.0186267995084848     0.0191981189790031     0.0886184365690185     0.3118431685312394     0.0218337109560013     0.0454615759079857    -0.0022074782953084     0.1203708481627231     0.1465834874518935     0.0028737728393143     0.0218337109560013     0.3094820629019785     0.0060259423050276    -0.0002926017539307     0.0730048042710149     0.0595220813008524     0.0059836938548866     0.0454615759079857     0.0060259423050276     0.3191350573186295    -0.0006092476388432    -0.0329613667114352     0.1239353045715860    -0.0002905502954224    -0.0022074782953084    -0.0002926017539307    -0.0006092476388432     0.3066175827561544     0.0460153727055861    -0.0060179280942207     0.0186267995084848     0.1203708481627231     0.0730048042710149    -0.0329613667114352     0.0460153727055861     0.1967572989908636     0.0652647562716866     0.0191981189790031    0.1465834874518935    0.0595220813008524    0.1239353045715860   -0.0060179280942207    0.0652647562716866    0.2892640423291029
    0.0000000000000000     0.0000000000000000     0.0244774107811672     0.0000000000000000     0.0000000000000000     0.0009441400017802     0.0005804851149862     0.0000000000000000     0.0000000000000000     0.0378086058533166     0.0000000000000000     0.0000000000000000     0.0046740921760673     0.0028737728393143     0.0244774107811672     0.0378086058533166     0.0000000000000000    -0.0000000000000000     0.0000000000000000     0.0114220897563872     0.0101229948932509     0.0000000000000000     0.0000000000000000    -0.0000000000000000     0.0000000000000000     0.0000000000000000    -0.0015053117089585     0.0016439206487888     0.0000000000000000     0.0000000000000000     0.0000000000000000     0.0000000000000000     0.0000000000000000     0.0014787776222954    -0.0000798238749742     0.0009441400017802     0.0046740921760673     0.0114220897563872    -0.0015053117089585     0.0014787776222954     0.0084351070286822     0.0024161379266733     0.0005804851149862    0.0028737728393143    0.0101229948932509    0.0016439206487888   -0.0000798238749742    0.0024161379266733    0.0051861606131789
   -0.0000000000000000    -0.0000000000000000     0.0378086058533166     0.0000000000000000     0.0000000000000000     0.0017651424451208     0.0010852617210354    -0.0000000000000000     0.0000000000000000     0.1805183876315438     0.0000000000000000     0.0000000000000000     0.0355117603011051     0.0218337109560013     0.0378086058533166     0.1805183876315438     0.0000000000000000     0.0000000000000000     0.0000000000000000     0.0724290503850180     0.0610359052490957     0.0000000000000000     0.0000000000000000     0.0000000000000000     0.0000000000000000     0.0000000000000000    -0.0132018112419911     0.0144174384230220     0.0000000000000000     0.0000000000000000     0.0000000000000000     0.0000000000000000     0.0000000000000000     0.0129691032908598    -0.0007000677331816     0.0017651424451208     0.0355117603011051     0.0724290503850180    -0.0132018112419911     0.0129691032908598     0.0879610288293885     0.0218637806098230     0.0010852617210354    0.0218337109560013    0.0610359052490957    0.0144174384230220   -0.0007000677331816    0.0218637806098230    0.0540811614326769
    1.1158138186289568     0.2566839693361471     0.0000000000000000    -0.0000000000000000     0.0000000000000000     0.0542450286906862     0.0541466069886119     0.2566839693361471     0.8170225910993408     0.0000000000000000     0.0000000000000000     0.0000000000000000     0.3142447114975889     0.3094820629019785     0.0000000000000000     0.0000000000000000     0.8801590896471142     0.0000000000000000     0.0000000000000000     0.1806856906428344     0.1095478412847632    -0.0000000000000000     0.0000000000000000     0.0000000000000000     0.7852702009215762     0.0000000000000000    -0.1195547893843243     0.2091429942390208     0.0000000000000000     0.0000000000000000     0.0000000000000000     0.0000000000000000     0.7852702009215762     0.1174474005135410    -0.0101553589196488     0.0542450286906862     0.3142447114975889     0.1806856906428344    -0.1195547893843243     0.1174474005135410     0.5011963917972988     0.1413105038881261     0.0541466069886119    0.3094820629019785    0.1095478412847632    0.2091429942390208   -0.0101553589196488    0.1413105038881261    0.4829546655451414
    0.0000000000000000     0.0000000000000000    -0.0000000000000000     0.0000000000000000     0.0000000000000000    -0.0001138068626155     0.0001242860533821     0.0000000000000000     0.0000000000000000     0.0000000000000000     0.0000000000000000     0.0000000000000000    -0.0055178574242677     0.0060259423050276    -0.0000000000000000     0.0000000000000000     0.0000000000000000     0.0474444443627691     0.0000000000000000    -0.0082441905826279     0.0114302403202919     0.0000000000000000     0.0000000000000000     0.0474444443627691     0.0000000000000000     0.0000000000000000     0.0094993711131071     0.0086179780193885     0.0000000000000000     0.0000000000000000     0.0000000000000000     0.0000000000000000     0.0000000000000000    -0.0020593297190984    -0.0001974490310552    -0.0001138068626155    -0.0055178574242677    -0.0082441905826279     0.0094993711131071    -0.0020593297190984    -0.0211372887999219     0.0015779409372688     0.0001242860533821    0.0060259423050276    0.0114302403202919    0.0086179780193885   -0.0001974490310552    0.0015779409372688    0.0230836252584455
    0.0000000000000000     0.0000000000000000     0.0000000000000000     0.0000000000000000     0.0000000000000000     0.0001118007922863    -0.0000060349594085     0.0000000000000000     0.0000000000000000     0.0000000000000000     0.0000000000000000     0.0000000000000000     0.0054205943084498    -0.0002926017539307     0.0000000000000000     0.0000000000000000     0.0000000000000000     0.0000000000000000     0.0474444443627691     0.0080988704698000    -0.0005550183185087     0.0000000000000000     0.0000000000000000     0.0000000000000000     0.0000000000000000     0.0000000000000000    -0.0020593297190984    -0.0001974490310552     0.0000000000000000     0.0000000000000000     0.0474444443627691     0.0000000000000000     0.0000000000000000     0.0094261202847066     0.0045612315241355     0.0001118007922863     0.0054205943084498     0.0080988704698000    -0.0020593297190984     0.0094261202847066     0.0207647024116652     0.0024607559787724    -0.0000060349594085   -0.0002926017539307   -0.0005550183185087   -0.0001974490310552    0.0045612315241355    0.0024607559787724   -0.0011208718729458
    0.1918418261072061     0.0451213127060354     0.0114220897563872    -0.0015053117089585     0.0014787776222954     0.0102128788861415     0.0097471911092337     0.0451213127060354     0.1695603732167930     0.0724290503850180    -0.0132018112419911     0.0129691032908598     0.0968107576703990     0.0730048042710149     0.0114220897563872     0.0724290503850180     0.1806856906428344    -0.0082441905826279     0.0080988704698000     0.0842492877978575     0.0477756875333611    -0.0015053117089585    -0.0132018112419911    -0.0082441905826279     0.1639402570384643    -0.0020593297190984    -0.0455574817625255     0.0454572472814958     0.0014787776222954     0.0129691032908598     0.0080988704698000    -0.0020593297190984     0.1638670062100639     0.0447544413277452     0.0023862381765348     0.0102128788861415     0.0968107576703990     0.0842492877978575    -0.0455574817625255     0.0447544413277452     0.2181517778877281     0.0462673577510696     0.0097471911092337    0.0730048042710149    0.0477756875333611    0.0454572472814958    0.0023862381765348    0.0462673577510696    0.1272235868696834
    0.1179502014240335     0.0277419584921381     0.0101229948932509     0.0016439206487888    -0.0000798238749742     0.0062649716819358     0.0062791649257316     0.0277419584921381     0.1042509016390392     0.0610359052490957     0.0144174384230220    -0.0007000677331816     0.0519798166315017     0.0595220813008524     0.0101229948932509     0.0610359052490957     0.1095478412847632     0.0114302403202919    -0.0005550183185087     0.0477756875333611     0.0449336429478656     0.0016439206487888     0.0144174384230220     0.0114302403202919     0.1035729600049176    -0.0001974490310552    -0.0136402407311079     0.0497523377189314    -0.0000798238749742    -0.0007000677331816    -0.0005550183185087    -0.0001974490310552     0.0995162135096646     0.0194462800474996    -0.0024158248688450     0.0062649716819358     0.0519798166315017     0.0477756875333611    -0.0136402407311079     0.0194462800474996     0.0969963568235609     0.0319695698992487     0.0062791649257316    0.0595220813008524    0.0449336429478656    0.0497523377189314   -0.0024158248688450    0.0319695698992487    0.1341263450373733
    0.0000000000000000     0.0000000000000000     0.0000000000000000     0.0244774107811672     0.0000000000000000    -0.0006804725854886     0.0012086707647445     0.0000000000000000     0.0000000000000000     0.0000000000000000     0.0378086058533166     0.0000000000000000    -0.0033687711376107     0.0059836938548866     0.0000000000000000     0.0000000000000000    -0.0000000000000000     0.0000000000000000     0.0000000000000000    -0.0015053117089585     0.0016439206487888     0.0244774107811672     0.0378086058533166     0.0000000000000000    -0.0000000000000000     0.0000000000000000     0.0104184319072687     0.0127564015939649     0.0000000000000000     0.0000000000000000     0.0000000000000000     0.0000000000000000    -0.0000000000000000    -0.0010658034085081    -0.0001662071628008    -0.0006804725854886    -0.0033687711376107    -0.0015053117089585     0.0104184319072687    -0.0010658034085081    -0.0060794575781752     0.0008370651347857     0.0012086707647445    0.0059836938548866    0.0016439206487888    0.0127564015939649   -0.0001662071628008    0.0008370651347857    0.0107984865633770
   -0.0000000000000000    -0.0000000000000000     0.0000000000000000     0.0378086058533166     0.0000000000000000    -0.0012721959043387     0.0022597032730856    -0.0000000000000000     0.0000000000000000     0.0000000000000000     0.1805183876315438     0.0000000000000000    -0.0255944873660513     0.0454615759079857     0.0000000000000000     0.0000000000000000     0.0000000000000000     0.0000000000000000     0.0000000000000000    -0.0132018112419911     0.0144174384230220     0.0378086058533166     0.1805183876315438     0.0000000000000000     0.0000000000000000     0.0000000000000000     0.0636268193276561     0.0841312894322016     0.0000000000000000     0.0000000000000000     0.0000000000000000     0.0000000000000000     0.0000000000000000    -0.0093472570076059    -0.0014576625318940    -0.0012721959043387    -0.0255944873660513    -0.0132018112419911     0.0636268193276561    -0.0093472570076059    -0.0633963909980715     0.0075746568361703     0.0022597032730856    0.0454615759079857    0.0144174384230220    0.0841312894322016   -0.0014576625318940    0.0075746568361703    0.1126063650205043
    0.0000000000000000     0.0000000000000000    -0.0000000000000000     0.0000000000000000     0.0000000000000000    -0.0001138068626155     0.0001242860533821     0.0000000000000000     0.0000000000000000     0.0000000000000000     0.0000000000000000     0.0000000000000000    -0.0055178574242677     0.0060259423050276    -0.0000000000000000     0.0000000000000000     0.0000000000000000     0.0474444443627691     0.0000000000000000    -0.0082441905826279     0.0114302403202919     0.0000000000000000     0.0000000000000000     0.0474444443627691     0.0000000000000000     0.0000000000000000     0.0094993711131071     0.0086179780193885     0.0000000000000000     0.0000000000000000     0.0000000000000000     0.0000000000000000     0.0000000000000000    -0.0020593297190984    -0.0001974490310552    -0.0001138068626155    -0.0055178574242677    -0.0082441905826279     0.0094993711131071    -0.0020593297190984    -0.0211372887999219     0.0015779409372688     0.0001242860533821    0.0060259423050276    0.0114302403202919    0.0086179780193885   -0.0001974490310552    0.0015779409372688    0.0230836252584455
    1.1158138186289568     0.2566839693361471     0.0000000000000000    -0.0000000000000000     0.0000000000000000     0.0541691486252700     0.0543457015896942     0.2566839693361471     0.8170225910993408     0.0000000000000000     0.0000000000000000     0.0000000000000000     0.3105657120709420     0.3191350573186295     0.0000000000000000     0.0000000000000000     0.7852702009215762     0.0000000000000000     0.0000000000000000     0.1639402570384643     0.1035729600049176    -0.0000000000000000     0.0000000000000000     0.0000000000000000     0.8801590896471142     0.0000000000000000    -0.1288284050603608     0.2346115056225085     0.0000000000000000     0.0000000000000000     0.0000000000000000     0.0000000000000000     0.7852702009215762     0.1160743543702103    -0.0104716537492157     0.0541691486252700     0.3105657120709420     0.1639402570384643    -0.1288284050603608     0.1160743543702103     0.4871032271146138     0.1383248621244226     0.0543457015896942    0.3191350573186295    0.1035729600049176    0.2346115056225085   -0.0104716537492157    0.1383248621244226    0.5199324682615618
    0.0000000000000000     0.0000000000000000     0.0000000000000000     0.0000000000000000    -0.0000000000000000    -0.0000805784884056    -0.0000125658329820     0.0000000000000000     0.0000000000000000     0.0000000000000000     0.0000000000000000     0.0000000000000000    -0.0039067996451810    -0.0006092476388432     0.0000000000000000     0.0000000000000000     0.0000000000000000     0.0000000000000000     0.0000000000000000    -0.0020593297190984    -0.0001974490310552     0.0000000000000000     0.0000000000000000     0.0000000000000000     0.0000000000000000     0.0474444443627691     0.0067258243264693    -0.0008713131480755    -0.0000000000000000     0.0000000000000000     0.0000000000000000     0.0474444443627691     0.0000000000000000    -0.0067937132513899     0.0094972757304634    -0.0000805784884056    -0.0039067996451810    -0.0020593297190984     0.0067258243264693    -0.0067937132513899    -0.0149658003159770    -0.0000330101055779    -0.0000125658329820   -0.0006092476388432   -0.0001974490310552   -0.0008713131480755    0.0094972757304634   -0.0000330101055779   -0.0023338497902504
   -0.1382666799096492    -0.0325204061472090    -0.0015053117089585     0.0104184319072687    -0.0010658034085081    -0.0073607559131398    -0.0062712754452813    -0.0325204061472090    -0.1222077079052905    -0.0132018112419911     0.0636268193276561    -0.0093472570076059    -0.0697746800801584    -0.0329613667114352    -0.0015053117089585    -0.0132018112419911    -0.1195547893843243     0.0094993711131071    -0.0020593297190984    -0.0455574817625255    -0.0136402407311079     0.0104184319072687     0.0636268193276561     0.0094993711131071    -0.1288284050603608     0.0067258243264693     0.0538741011272728    -0.0045481710290262    -0.0010658034085081    -0.0093472570076059    -0.0020593297190984     0.0067258243264693    -0.1181043120530863    -0.0322559899431967    -0.0006695604095361    -0.0073607559131398    -0.0697746800801584    -0.0455574817625255     0.0538741011272728    -0.0322559899431967    -0.1572291228507566    -0.0235853231099498    -0.0062712754452813   -0.0329613667114352   -0.0136402407311079   -0.0045481710290262   -0.0006695604095361   -0.0235853231099498   -0.0396735953779343
    0.2455927920913975     0.0577635727782623     0.0016439206487888     0.0127564015939649    -0.0001662071628008     0.0118186599797227     0.0130743112558906     0.0577635727782623     0.2170684721387884     0.0144174384230220     0.0841312894322016    -0.0014576625318940     0.0762619823038440     0.1239353045715860     0.0016439206487888     0.0144174384230220     0.2091429942390208     0.0086179780193885    -0.0001974490310552     0.0454572472814958     0.0497523377189314     0.0127564015939649     0.0841312894322016     0.0086179780193885     0.2346115056225085    -0.0008713131480755    -0.0045481710290262     0.1246322218432352    -0.0001662071628008    -0.0014576625318940    -0.0001974490310552    -0.0008713131480755     0.2072100296491923     0.0288774079329155    -0.0050301666939127     0.0118186599797227     0.0762619823038440     0.0454572472814958    -0.0045481710290262     0.0288774079329155     0.1173538996265942     0.0506902366540671     0.0130743112558906    0.1239353045715860    0.0497523377189314    0.1246322218432352   -0.0050301666939127    0.0506902366540671    0.2792743308027172
    0.0000000000000000     0.0000000000000000     0.0000000000000000     0.0000000000000000     0.0244774107811672     0.0006684779145857    -0.0000586894410512     0.0000000000000000     0.0000000000000000     0.0000000000000000     0.0000000000000000     0.0378086058533166     0.0033093899046198    -0.0002905502954224     0.0000000000000000     0.0000000000000000     0.0000000000000000     0.0000000000000000     0.0000000000000000     0.0014787776222954    -0.0000798238749742     0.0000000000000000     0.0000000000000000     0.0000000000000000     0.0000000000000000    -0.0000000000000000    -0.0010658034085081    -0.0001662071628008     0.0244774107811672     0.0378086058533166     0.0000000000000000    -0.0000000000000000     0.0000000000000000     0.0103805210366290     0.0093415439895745     0.0006684779145857     0.0033093899046198     0.0014787776222954    -0.0010658034085081     0.0103805210366290     0.0059722951524236     0.0009663555339284    -0.0000586894410512   -0.0002905502954224   -0.0000798238749742   -0.0001662071628008    0.0093415439895745    0.0009663555339284   -0.0005243422436363
    0.0000000000000000     0.0000000000000000     0.0000000000000000     0.0000000000000000     0.0378086058533166     0.0012497709433308    -0.0001097244393655     0.0000000000000000     0.0000000000000000     0.0000000000000000     0.0000000000000000     0.1805183876315438     0.0251433340654902    -0.0022074782953084     0.0000000000000000     0.0000000000000000     0.0000000000000000     0.0000000000000000     0.0000000000000000     0.0129691032908598    -0.0007000677331816     0.0000000000000000     0.0000000000000000     0.0000000000000000     0.0000000000000000     0.0000000000000000    -0.0093472570076059    -0.0014576625318940     0.0378086058533166     0.1805183876315438     0.0000000000000000     0.0000000000000000     0.0000000000000000     0.0632943352612487     0.0541824599245477     0.0012497709433308     0.0251433340654902     0.0129691032908598    -0.0093472570076059     0.0632943352612487     0.0622789046177670     0.0087446097646533    -0.0001097244393655   -0.0022074782953084   -0.0007000677331816   -0.0014576625318940    0.0541824599245477    0.0087446097646533   -0.0054678286383969
    0.0000000000000000     0.0000000000000000     0.0000000000000000     0.0000000000000000     0.0000000000000000     0.0001118007922863    -0.0000060349594085     0.0000000000000000     0.0000000000000000     0.0000000000000000     0.0000000000000000     0.0000000000000000     0.0054205943084498    -0.0002926017539307     0.0000000000000000     0.0000000000000000     0.0000000000000000     0.0000000000000000     0.0474444443627691     0.0080988704698000    -0.0005550183185087     0.0000000000000000     0.0000000000000000     0.0000000000000000     0.0000000000000000     0.0000000000000000    -0.0020593297190984    -0.0001974490310552     0.0000000000000000     0.0000000000000000     0.0474444443627691     0.0000000000000000     0.0000000000000000     0.0094261202847066     0.0045612315241355     0.0001118007922863     0.0054205943084498     0.0080988704698000    -0.0020593297190984     0.0094261202847066     0.0207647024116652     0.0024607559787724    -0.0000060349594085   -0.0002926017539307   -0.0005550183185087   -0.0001974490310552    0.0045612315241355    0.0024607559787724   -0.0011208718729458
    0.0000000000000000     0.0000000000000000     0.0000000000000000     0.0000000000000000    -0.0000000000000000    -0.0000805784884056    -0.0000125658329820     0.0000000000000000     0.0000000000000000     0.0000000000000000     0.0000000000000000     0.0000000000000000    -0.0039067996451810    -0.0006092476388432     0.0000000000000000     0.0000000000000000     0.0000000000000000     0.0000000000000000     0.0000000000000000    -0.0020593297190984    -0.0001974490310552     0.0000000000000000     0.0000000000000000     0.0000000000000000     0.0000000000000000     0.0474444443627691     0.0067258243264693    -0.0008713131480755    -0.0000000000000000     0.0000000000000000     0.0000000000000000     0.0474444443627691     0.0000000000000000    -0.0067937132513899     0.0094972757304634    -0.0000805784884056    -0.0039067996451810    -0.0020593297190984     0.0067258243264693    -0.0067937132513899    -0.0149658003159770    -0.0000330101055779    -0.0000125658329820   -0.0006092476388432   -0.0001974490310552   -0.0008713131480755    0.0094972757304634   -0.0000330101055779   -0.0023338497902504
    1.1158138186289568     0.2566839693361471     0.0000000000000000    -0.0000000000000000     0.0000000000000000     0.0541662824300356     0.0540875266134117     0.2566839693361471     0.8170225910993408     0.0000000000000000     0.0000000000000000     0.0000000000000000     0.3104267463153613     0.3066175827561544     0.0000000000000000     0.0000000000000000     0.7852702009215762     0.0000000000000000     0.0000000000000000     0.1638670062100639     0.0995162135096646    -0.0000000000000000     0.0000000000000000     0.0000000000000000     0.7852702009215762     0.0000000000000000    -0.1181043120530863     0.2072100296491923     0.0000000000000000     0.0000000000000000     0.0000000000000000     0.0000000000000000     0.8801590896471142     0.1265056867646584    -0.0109818799225197     0.0541662824300356     0.3104267463153613     0.1638670062100639    -0.1181043120530863     0.1265056867646584     0.4865708901796127     0.1367174465233874     0.0540875266134117    0.3066175827561544    0.0995162135096646    0.2072100296491923   -0.0109818799225197    0.1367174465233874    0.4719816785997982
    0.1358294570769857     0.0319471698733557     0.0014787776222954    -0.0010658034085081     0.0103805210366290     0.0072310080780946     0.0066836710340204     0.0319471698733557     0.1200535561152216     0.0129691032908598    -0.0093472570076059     0.0632943352612487     0.0685447637796854     0.0460153727055861     0.0014787776222954     0.0129691032908598     0.1174474005135410    -0.0020593297190984     0.0094261202847066     0.0447544413277452     0.0194462800474996    -0.0010658034085081    -0.0093472570076059    -0.0020593297190984     0.1160743543702103    -0.0067937132513899    -0.0322559899431967     0.0288774079329155     0.0103805210366290     0.0632943352612487     0.0094261202847066    -0.0067937132513899     0.1265056867646584     0.0527267481986452     0.0181428243824622     0.0072310080780946     0.0685447637796854     0.0447544413277452    -0.0322559899431967     0.0527267481986452     0.1544576495759089     0.0299408115989355     0.0066836710340204    0.0460153727055861    0.0194462800474996    0.0288774079329155    0.0181428243824622    0.0299408115989355    0.0750607960024445
   -0.0119252521981035    -0.0028048265072369    -0.0000798238749742    -0.0001662071628008     0.0093415439895745    -0.0002794689709439    -0.0006348494909613    -0.0028048265072369    -0.0105401964465989    -0.0007000677331816    -0.0014576625318940     0.0541824599245477     0.0039733226079082    -0.0060179280942207    -0.0000798238749742    -0.0007000677331816    -0.0101553589196488    -0.0001974490310552     0.0045612315241355     0.0023862381765348    -0.0024158248688450    -0.0001662071628008    -0.0014576625318940    -0.0001974490310552    -0.0104716537492157     0.0094972757304634    -0.0006695604095361    -0.0050301666939127     0.0093415439895745     0.0541824599245477     0.0045612315241355     0.0094972757304634    -0.0109818799225197     0.0181428243824622     0.0212834690181702    -0.0002794689709439     0.0039733226079082     0.0023862381765348    -0.0006695604095361     0.0181428243824622     0.0146179790732214     0.0013507563967925    -0.0006348494909613   -0.0060179280942207   -0.0024158248688450   -0.0050301666939127    0.0212834690181702    0.0013507563967925   -0.0135607270837149
